-,-,-
2.929688, -732.666016, 194.335938
-452.392578, -766.845703, -552.001953
-557.373047, -679.443359, -987.548828
407.714844, -488.525391, 176.269531
1582.031250, -692.626953, 1852.050781
1638.183594, -788.818359, 1999.755859
324.218750, -658.447266, -6.591797
-684.326172, -811.279297, -1236.083984
-79.345703, -1021.728516, -337.158203
1154.296875, -1136.962891, 1246.582031
1072.753906, -1194.091797, 1233.398438
-,-,-
-64.697266, -853.759766, -837.646484
46.386719, -362.548828, -22.705078
811.035156, -328.857422, 1159.179688
1731.445312, -413.818359, 1999.755859
1010.253906, -430.419922, 1334.960938
312.011719, -703.857422, -338.134766
-243.896484, -775.634766, -1014.892578
-43.701172, -668.212891, -74.462891
962.402344, -717.529297, 1447.753906
1043.945312, -889.404297, 1557.128906
835.449219, -1210.693359, 880.859375
-,-,-
201.171875, -235.107422, -178.466797
1519.531250, -426.513672, 1148.925781
1287.597656, -205.810547, 1557.128906
740.234375, -220.458984, 668.457031
342.773438, -408.935547, -3.173828
634.277344, -145.263672, 1042.480469
1145.019531, -500.732422, 1519.531250
754.394531, -551.513672, 1171.875000
754.394531, -1093.994141, 116.210938
407.714844, -1488.037109, -426.513672
178.710938, -1154.052734, -37.841797
476.074219, -1092.529297, 579.101562
-,-,-
462.402344, -461.669922, 257.324219
621.582031, -251.708984, 646.972656
1107.421875, -206.787109, 1568.359375
757.324219, -111.083984, 1103.515625
349.121094, -428.466797, -107.177734
598.144531, -578.857422, 203.125000
1037.597656, -534.912109, 1304.687500
1017.089844, -564.697266, 1298.339844
741.210938, -776.123047, 698.242188
573.242188, -1006.103516, 88.378906
250.976562, -1121.826172, -281.005859
-37.353516, -1046.630859, -306.396484
-,-,-
270.996094, -531.982422, 52.734375
774.414062, -446.533203, 795.898438
1202.636719, -236.572266, 1999.755859
961.425781, -371.826172, 1417.968750
346.679688, -596.435547, -189.697266
41.503906, -1066.162109, -1221.923828
247.558594, -415.283203, 79.589844
1087.890625, -200.439453, 1999.755859
985.839844, -210.693359, 1741.699219
883.300781, -688.232422, 950.683594
617.187500, -920.654297, 128.417969
357.910156, -1057.861328, -73.974609
-,-,-
550.292969, -861.083984, 933.105469
520.507812, -971.435547, 1071.289062
625.000000, -907.958984, 1295.410156
210.937500, -700.927734, 229.003906
160.644531, -627.685547, -350.341797
-117.919922, -844.482422, -435.302734
88.867188, -435.302734, 586.425781
539.062500, -582.763672, 1114.746094
435.546875, -880.615234, 647.949219
-,-,-
257.324219, -990.966797, 450.195312
416.992188, -826.904297, 834.960938
696.777344, -907.958984, 1493.164062
341.308594, -758.544922, 981.933594
-136.962891, -977.783203, -313.720703
-298.583984, -1192.138672, -1015.869141
856.933594, -598.388672, 614.257812
1319.824219, -659.423828, 1815.917969
920.410156, -526.123047, 1573.242188
654.296875, -564.697266, 858.886719
356.933594, -579.833984, 302.734375
337.890625, -598.388672, 88.867188
255.371094, -575.927734, 9.765625
-,-,-
324.218750, -791.748047, -100.830078
644.042969, -306.396484, 1310.546875
1249.023438, -442.626953, 1999.755859
753.417969, -195.068359, 1026.367188
369.140625, -621.826172, -734.619141
-156.494141, -745.849609, -1251.708984
380.371094, -321.044922, 677.246094
1151.367188, -488.525391, 1999.755859
1052.246094, -606.689453, 1663.574219
662.109375, -718.505859, 11.718750
-60.302734, -739.013672, -984.130859
-,-,-
-98.388672, -836.669922, -539.306641
610.839844, -511.474609, 1352.050781
936.523438, -461.669922, 1999.755859
710.937500, -456.787109, 1240.722656
135.253906, -979.248047, -1008.056641
-455.810547, -746.826172, -1378.662109
765.625000, -380.615234, 1055.664062
1357.910156, -580.810547, 1999.755859
949.218750, -971.435547, 1225.097656
-,-,-
788.574219, -482.177734, 694.824219
1329.589844, -489.990234, 1999.755859
1222.656250, -721.435547, 1878.417969
41.503906, -387.451172, -358.154297
-587.646484, -955.810547, -1869.384766
661.621094, -745.849609, 245.117188
1264.648438, -878.662109, 1903.808594
-,-,-
-291.259766, -523.681641, -1064.697266
-212.646484, -749.755859, -968.505859
983.398438, -389.404297, 1710.449219
1128.417969, -816.650391, 1999.755859
986.328125, -695.068359, 1254.394531
41.503906, -469.482422, -527.099609
-166.259766, -719.482422, -757.080078
658.203125, -654.052734, 925.781250
-,-,-
59.570312, -682.373047, -304.443359
788.574219, -446.533203, 1428.222656
934.570312, -468.505859, 1964.843750
696.777344, -342.529297, 1374.511719
-94.482422, -634.521484, -824.462891
-230.712891, -891.845703, -973.388672
760.742188, -562.255859, 1008.300781
1215.332031, -858.154297, 1830.078125
-,-,-
-75.927734, -807.373047, -121.826172
462.890625, -399.169922, 1268.066406
821.289062, -438.232422, 1999.755859
641.113281, -708.740234, 1333.007812
-202.880859, -732.666016, -851.806641
-541.259766, -893.798828, -1393.310547
813.964844, -405.517578, 1151.367188
1399.902344, -735.107422, 1999.755859
-,-,-
-125.244141, -833.740234, -580.810547
522.949219, -443.603516, 1229.980469
1063.964844, -958.740234, 1999.755859
528.808594, -1197.021484, 1384.277344
-131.591797, -312.255859, -130.126953
-417.724609, -742.919922, -1675.537109
6.347656, -419.677734, -322.998047
819.824219, -643.310547, 1513.183594
754.394531, -831.787109, 1548.828125
-,-,-
949.218750, -618.896484, 1982.910156
755.859375, -501.708984, 1999.755859
563.476562, -625.732422, 844.726562
62.011719, -494.873047, -738.037109
-159.423828, -981.201172, -1384.033203
582.519531, -350.341797, 1002.929688
885.742188, -380.615234, 1999.755859
1036.132812, -587.158203, 1889.160156
705.566406, -720.458984, 474.121094
-,-,-
1027.832031, -776.611328, 1720.703125
652.343750, -763.427734, 1580.078125
370.117188, -793.701172, 872.070312
-358.642578, -327.880859, -507.568359
-14.404297, -647.216797, -889.404297
377.929688, -257.568359, 649.902344
945.800781, -489.501953, 1573.242188
956.054688, -744.873047, 1875.000000
-,-,-
-524.658203, -896.240234, -1253.173828
212.402344, -646.240234, 314.941406
949.218750, -1106.689453, 1464.355469
-,-,-
621.582031, -791.748047, 1247.558594
652.832031, -734.130859, 1296.386719
591.796875, -771.728516, 837.890625
185.058594, -556.396484, 107.910156
-107.177734, -612.060547, -761.474609
77.636719, -721.435547, -151.611328
653.320312, -906.005859, 1212.402344
892.089844, -1057.861328, 1768.554688
621.582031, -892.333984, 774.902344
-,-,-
-102.783203, -940.673828, -605.712891
292.480469, -703.857422, 485.839844
689.453125, -711.669922, 1756.835938
782.226562, -795.654297, 1900.878906
309.082031, -701.904297, 89.843750
-283.935547, -877.685547, -1379.150391
89.843750, -615.966797, -183.837891
881.347656, -721.435547, 1627.929688
883.789062, -928.955078, 1915.039062
-,-,-
587.402344, -695.068359, 781.738281
822.265625, -772.705078, 1529.785156
926.757812, -885.986328, 1515.625000
450.195312, -740.966797, 774.902344
51.269531, -554.443359, -426.025391
-134.521484, -561.279297, -1156.005859
334.472656, -288.818359, 262.207031
931.152344, -533.447266, 1426.269531
1141.113281, -798.583984, 1622.070312
-,-,-
744.140625, -586.669922, 1319.335938
880.859375, -496.826172, 1702.148438
706.054688, -633.544922, 1085.937500
73.730469, -368.896484, -614.501953
195.312500, -714.599609, -783.447266
610.839844, -460.693359, 1052.734375
896.972656, -622.802734, 1834.960938
967.285156, -762.451172, 1442.382812
773.925781, -744.873047, 570.800781
-,-,-
-153.076172, -765.380859, -844.482422
161.132812, -577.880859, 96.191406
668.457031, -818.115234, 1471.679688
839.843750, -973.876953, 1878.906250
536.132812, -734.130859, 658.691406
-46.142578, -628.662109, -614.013672
-66.650391, -596.435547, -447.509766
409.179688, -750.732422, 734.863281
886.718750, -1016.845703, 1373.046875
-,-,-
857.421875, -684.814453, 1243.164062
767.578125, -615.966797, 1828.125000
676.269531, -729.248047, 1071.777344
-151.123047, -519.775391, -839.111328
-69.091797, -746.826172, -709.228516
737.304688, -634.521484, 1605.957031
983.398438, -775.146484, 1999.755859
674.804688, -777.099609, 910.644531
-,-,-
-165.771484, -818.115234, -552.490234
480.468750, -835.693359, 781.738281
990.234375, -943.115234, 1999.755859
534.179688, -649.658203, 1221.191406
-207.275391, -595.458984, -825.927734
-301.513672, -630.615234, -566.650391
583.007812, -858.154297, 972.656250
876.953125, -1165.771484, 1379.394531
570.312500, -1165.771484, 783.203125
-,-,-
148.925781, -736.572266, -30.517578
764.648438, -824.951172, 1220.214844
1025.390625, -1100.341797, 1812.500000
450.683594, -695.556641, 626.464844
-547.119141, -466.552734, -1237.060547
-281.982422, -391.357422, -699.462891
929.199219, -749.755859, 1407.714844
1227.539062, -1163.818359, 1964.843750
700.683594, -1006.591797, 892.578125
-,-,-
1107.421875, -894.287109, 1634.765625
942.382812, -921.630859, 1528.808594
332.519531, -506.591797, 246.093750
-247.314453, -612.060547, -1161.865234
281.738281, -646.240234, 119.628906
875.000000, -777.099609, 1521.484375
999.023438, -986.083984, 1580.566406
-,-,-
1031.250000, -855.224609, 1629.882812
813.476562, -910.888672, 1395.019531
347.167969, -608.642578, 112.304688
-185.791016, -617.919922, -1019.287109
297.363281, -578.857422, 51.269531
960.449219, -809.326172, 1247.558594
857.421875, -931.396484, 1232.421875
-,-,-
837.402344, -1019.287109, 1425.292969
808.593750, -1057.861328, 1414.062500
178.710938, -416.259766, 55.664062
-260.009766, -608.642578, -1029.052734
-0.244141, -591.552734, -207.275391
940.917969, -975.830078, 1305.175781
1010.253906, -1132.568359, 1509.277344
637.695312, -999.755859, 607.421875
213.378906, -764.404297, -281.494141
-,-,-
799.804688, -725.341797, 1073.242188
1262.695312, -890.380859, 1999.755859
784.667969, -748.779297, 1326.171875
-146.240234, -327.392578, -1088.134766
-432.861328, -375.732422, -1278.564453
1005.859375, -581.787109, 1550.292969
1184.082031, -875.732422, 1999.755859
-,-,-
349.121094, -721.435547, 558.593750
1018.066406, -713.623047, 1816.894531
708.984375, -812.744141, 1362.304688
152.832031, -536.865234, -209.228516
-389.892578, -571.533203, -1300.048828
627.441406, -480.224609, 979.980469
1020.507812, -746.826172, 1947.753906
893.554688, -723.388672, 1430.175781
-,-,-
109.375000, -849.365234, -489.501953
521.484375, -584.716797, 1059.570312
787.597656, -849.853516, 1999.755859
623.046875, -642.333984, 1028.320312
-80.810547, -698.974609, -1182.373047
-77.880859, -656.005859, -717.529297
801.269531, -778.076172, 1129.882812
1020.507812, -787.841797, 1770.507812
-,-,-
147.949219, -703.857422, 200.683594
953.613281, -854.736328, 1561.523438
1090.820312, -1090.576172, 1626.953125
363.769531, -644.287109, 90.820312
-442.138672, -578.857422, -1350.830078
-224.853516, -543.701172, -412.353516
916.503906, -974.853516, 1188.964844
1114.746094, -1280.029297, 1393.554688
-,-,-
284.667969, -719.482422, 139.648438
1063.964844, -1002.685547, 1522.949219
1201.171875, -1260.986328, 1753.906250
73.242188, -236.083984, -233.642578
-656.982422, -393.310547, -1560.791016
176.269531, -574.951172, 6.347656
1312.011719, -1157.958984, 1732.910156
1120.605469, -1304.931641, 1270.996094
-,-,-
889.160156, -947.998047, 1149.414062
1050.292969, -1043.701172, 1999.755859
596.191406, -824.951172, 836.425781
-279.541016, -307.373047, -1338.623047
-241.943359, -481.201172, -928.466797
1041.503906, -847.900391, 1470.214844
1217.285156, -1218.994141, 1711.425781
-,-,-
1205.078125, -978.271484, 1772.460938
1099.609375, -1004.638672, 1777.343750
431.640625, -766.845703, -364.501953
-661.376953, -305.419922, -1588.623047
560.546875, -694.580078, 774.414062
1147.460938, -1058.349609, 1865.234375
965.332031, -1019.287109, 1006.347656
-,-,-
1251.953125, -1264.404297, 1826.171875
906.738281, -1156.982422, 1230.468750
-237.548828, -297.607422, -842.529297
-442.138672, -397.216797, -1100.341797
615.234375, -795.654297, 729.003906
1062.011719, -1073.974609, 1504.394531
-,-,-
907.714844, -935.791016, 1012.207031
1083.984375, -1158.935547, 1595.703125
498.046875, -892.822266, 808.105469
-562.744141, -261.474609, -1282.958984
-114.990234, -578.857422, -395.263672
967.773438, -1058.349609, 1519.531250
1076.171875, -1143.798828, 1400.878906
-,-,-
1186.035156, -1260.986328, 1999.755859
791.992188, -939.697266, 1255.371094
-197.509766, -409.423828, -1094.482422
-610.595703, -572.998047, -1437.744141
611.816406, -801.513672, 956.542969
1169.433594, -1174.560547, 1964.843750
812.988281, -1089.599609, 1040.527344
-,-,-
973.632812, -937.255859, 1982.421875
633.300781, -675.537109, 549.804688
-148.681641, -576.904297, -1473.388672
-244.873047, -615.966797, -781.494141
920.410156, -887.451172, 1494.140625
1169.921875, -1161.865234, 1999.755859
-,-,-
919.921875, -765.380859, 1999.755859
767.578125, -853.759766, 628.906250
-52.490234, -705.810547, -1317.626953
-308.837891, -571.533203, -1113.525391
826.660156, -587.646484, 1315.429688
1319.824219, -955.810547, 1999.755859
-,-,-
-17.822266, -591.552734, -531.005859
956.542969, -681.884766, 1343.750000
1364.257812, -1063.232422, 1999.755859
606.445312, -509.521484, 428.710938
-407.470703, -537.353516, -1440.185547
21.484375, -556.396484, -197.998047
1215.332031, -906.982422, 1562.011719
1148.437500, -1138.916016, 1394.531250
-,-,-
1052.734375, -682.373047, 1599.609375
1196.289062, -891.357422, 1916.992188
511.230469, -722.412109, 203.125000
-536.865234, -365.478516, -1585.205078
346.191406, -409.423828, 260.253906
1293.457031, -615.478516, 1951.171875
1189.453125, -893.310547, 1649.414062
-,-,-
327.148438, -571.533203, 303.710938
807.617188, -563.232422, 1372.558594
1157.226562, -775.634766, 1999.755859
755.371094, -789.794922, 1021.972656
-35.888672, -517.333984, -672.119141
-438.720703, -532.958984, -1298.095703
507.812500, -503.662109, 483.886719
1189.941406, -768.310547, 1814.941406
-,-,-
1142.578125, -786.865234, 1478.027344
1350.097656, -912.841797, 1968.750000
884.765625, -781.005859, 952.148438
-109.130859, -406.494141, -1041.259766
-146.240234, -541.748047, -1004.638672
804.199219, -531.005859, 1219.238281
1200.683594, -845.458984, 1763.671875
-,-,-
602.050781, -572.021484, 994.628906
1086.425781, -840.576172, 1757.812500
993.652344, -924.560547, 1385.253906
77.148438, -499.755859, -583.740234
-352.294922, -726.318359, -1555.419922
297.851562, -454.833984, 342.285156
1271.972656, -850.341797, 1878.906250
1138.671875, -986.083984, 1614.257812
-,-,-
1206.054688, -1092.529297, 1723.632812
215.332031, -420.654297, -269.287109
-382.080078, -490.966797, -1204.833984
342.285156, -641.357422, 208.496094
1127.441406, -1034.912109, 1308.593750
1034.667969, -1097.900391, 1055.664062
499.023438, -816.650391, 77.636719
-,-,-
706.542969, -932.861328, 823.242188
931.152344, -934.814453, 1409.179688
805.664062, -966.552734, 561.035156
-33.935547, -526.611328, -865.966797
-142.822266, -586.669922, -507.568359
876.464844, -848.388672, 1154.296875
1189.453125, -1131.591797, 1344.238281
-,-,-
401.855469, -802.490234, 920.898438
766.601562, -999.755859, 1811.523438
674.316406, -989.013672, 1090.332031
-203.857422, -536.865234, -944.580078
-510.986328, -650.634766, -1188.720703
472.167969, -780.029297, 959.472656
996.093750, -1150.146484, 1804.687500
-,-,-
967.285156, -1061.279297, 1999.755859
634.277344, -821.044922, 1079.589844
-112.548828, -721.923828, -977.294922
-401.123047, -640.380859, -931.884766
625.000000, -847.412109, 997.070312
977.050781, -1085.693359, 1648.437500
-,-,-
663.085938, -811.279297, 1367.187500
1014.648438, -902.099609, 1999.755859
350.097656, -577.880859, 254.882812
-371.826172, -740.966797, -1383.544922
59.570312, -762.451172, -215.087891
813.476562, -882.568359, 1354.003906
1083.984375, -1133.544922, 1513.671875
-,-,-
985.839844, -470.458984, 1786.621094
1135.253906, -608.642578, 1999.755859
605.957031, -799.560547, 525.390625
-532.470703, -803.955078, -1397.705078
137.695312, -689.208984, -366.455078
1173.828125, -218.505859, 1751.953125
1377.441406, -427.490234, 1999.755859
-,-,-
542.968750, -532.470703, 313.964844
1134.765625, -219.482422, 1812.011719
1476.074219, -509.521484, 1999.755859
442.871094, -594.482422, -0.244141
-522.705078, -631.591797, -1338.623047
514.160156, -351.318359, 628.417969
1350.097656, -343.505859, 1999.755859
1225.097656, -568.115234, 1571.289062
590.820312, -617.919922, 456.054688
-,-,-
777.343750, -438.232422, 1412.109375
997.070312, -532.958984, 1713.378906
785.156250, -738.037109, 836.425781
-305.419922, -603.271484, -832.275391
125.976562, -507.568359, -87.646484
897.460938, -387.451172, 1625.000000
1089.355469, -589.599609, 1919.921875
-,-,-
848.632812, -855.224609, 1612.792969
114.257812, -629.638672, 4.394531
-437.744141, -712.646484, -937.744141
29.296875, -673.583984, 272.460938
855.468750, -900.634766, 1583.496094
815.429688, -1009.521484, 1511.230469
317.871094, -723.388672, 276.367188
-,-,-
-36.865234, -656.005859, -627.197266
-478.759766, -744.873047, -1268.310547
374.511719, -561.279297, 635.742188
1201.660156, -887.451172, 1999.755859
972.167969, -1043.701172, 1580.566406
-,-,-
392.089844, -693.603516, 524.414062
944.824219, -880.615234, 1778.320312
915.527344, -833.740234, 1779.296875
221.191406, -616.455078, -185.791016
-353.271484, -725.830078, -1140.869141
215.332031, -710.693359, 369.140625
1074.707031, -1078.857422, 1582.519531
891.113281, -1209.716797, 1176.757812
-,-,-
462.402344, -924.560547, 559.570312
819.824219, -1066.162109, 1382.324219
912.109375, -1128.662109, 1189.941406
-0.244141, -582.763672, -426.513672
-707.275391, -556.396484, -1295.654297
213.378906, -864.501953, 344.238281
1080.566406, -1393.310547, 1626.953125
802.246094, -1427.490234, 1049.804688
-,-,-
838.378906, -845.458984, 862.792969
1404.296875, -1331.787109, 1999.755859
665.527344, -936.767578, 912.597656
-376.708984, -379.638672, -1030.517578
-761.962891, -423.583984, -1147.705078
458.496094, -755.615234, 695.800781
1262.695312, -1287.353516, 1692.382812
-,-,-
524.902344, -806.884766, 885.253906
1216.308594, -1126.708984, 1999.755859
628.417969, -907.958984, 1079.101562
-454.833984, -431.396484, -1201.416016
-344.482422, -625.732422, -883.056641
925.781250, -840.576172, 1674.804688
924.316406, -1099.365234, 1799.804688
-,-,-
735.351562, -943.115234, 791.015625
1000.000000, -893.798828, 1876.953125
736.328125, -888.427734, 1187.011719
-451.904297, -446.044922, -998.779297
-244.384766, -631.591797, -726.806641
767.089844, -656.494141, 1508.300781
1056.640625, -922.607422, 1895.996094
-,-,-
677.246094, -606.689453, 1457.519531
668.457031, -708.740234, 1566.406250
601.074219, -866.943359, 686.523438
-328.857422, -616.943359, -1070.556641
258.789062, -607.177734, 330.078125
875.976562, -745.849609, 1999.755859
883.300781, -895.751953, 1628.906250
-,-,-
756.347656, -841.552734, 1772.949219
631.347656, -892.333984, 1116.699219
-85.693359, -691.162109, -715.576172
-448.974609, -618.896484, -957.275391
777.343750, -824.951172, 1532.714844
900.390625, -1055.908203, 1801.757812
-,-,-
420.898438, -850.830078, 312.988281
-431.884766, -555.419922, -970.458984
-178.955078, -753.662109, 23.925781
856.445312, -1336.669922, 1307.617188
-,-,-
167.480469, -847.412109, 283.691406
538.085938, -1106.201172, 1020.019531
617.187500, -1112.060547, 1042.968750
167.480469, -799.560547, 221.679688
-383.056641, -548.583984, -315.673828
-172.607422, -664.794922, 133.300781
667.480469, -1206.787109, 1062.011719
647.460938, -1140.869141, 891.601562
292.480469, -916.748047, 262.207031
-,-,-
402.343750, -1104.248047, 1229.492188
135.253906, -755.615234, 91.796875
-530.517578, -601.318359, -840.576172
-225.341797, -807.373047, 25.878906
644.042969, -1447.998047, 1279.296875
-,-,-
-533.447266, -607.177734, -954.833984
-54.931641, -747.802734, 180.175781
824.218750, -1393.310547, 1357.910156
427.246094, -1120.849609, 840.820312
-299.560547, -493.896484, -404.541016
-549.072266, -645.263672, -683.837891
301.269531, -958.740234, 856.933594
710.937500, -1345.458984, 1578.125000
301.757812, -1047.607422, 609.375000
-135.498047, -726.806641, -459.716797
-763.916016, -459.716797, -920.654297
-,-,-
991.210938, -294.677734, -33.935547
1029.296875, -237.060547, -145.263672
1228.515625, -360.595703, -349.365234
-,-,-
271.484375, -108.154297, 833.496094
181.152344, -246.826172, 852.539062
-70.556641, -194.091797, 989.257812
40.527344, -137.451172, 1003.906250
-,-,-
1165.039062, 16.601562, -511.474609
1164.062500, 10.742188, -602.294922
1999.755859, 120.605469, -1106.201172
1630.371094, 187.500000, -923.583984
-,-,-
833.496094, 199.218750, -163.818359
1030.273438, 145.507812, -93.505859
604.003906, 147.460938, 46.386719
-,-,-
917.968750, -583.740234, 906.738281
729.003906, -365.478516, 251.953125
1340.820312, -643.310547, -144.287109
906.738281, -304.443359, -69.091797
690.917969, 100.585938, 146.484375
1173.828125, -330.810547, -178.955078
934.082031, -271.240234, 367.675781
-,-,-
857.910156, -786.865234, 182.128906
1222.656250, -316.162109, -28.076172
1329.589844, -200.439453, -160.400391
-,-,-
886.718750, -821.533203, -175.537109
926.757812, -1316.162109, 232.910156
540.527344, -1151.123047, 339.843750
517.089844, -405.517578, -324.951172
691.894531, 425.781250, -1468.505859
1189.941406, -716.552734, -751.220703
841.308594, -1092.529297, 407.226562
664.062500, -680.419922, 349.609375
-,-,-
705.566406, -892.822266, -155.517578
680.664062, -1017.333984, 406.250000
521.484375, -813.232422, 25.878906
-,-,-
771.484375, -831.787109, -63.232422
826.660156, -686.279297, 470.214844
-,-,-
1032.714844, -906.982422, -352.294922
767.578125, -517.333984, 152.343750
599.609375, -957.763672, 177.246094
706.054688, -770.263672, -174.560547
-,-,-
737.304688, -1022.216797, 404.785156
730.957031, -812.255859, 657.226562
-,-,-
1150.878906, -575.927734, -945.068359
797.851562, -492.919922, -227.294922
741.210938, -362.548828, 128.417969
557.128906, -735.595703, 12.695312
884.277344, -852.783203, -385.986328
850.097656, -158.447266, -1263.916016
809.570312, -340.576172, -1515.869141
823.730469, -1205.810547, 321.289062
726.074219, -896.728516, 723.144531
465.820312, -790.771484, 23.925781
-,-,-
822.265625, -659.912109, 260.253906
585.449219, -313.232422, -64.208984
924.316406, -130.615234, -912.353516
841.796875, -604.248047, -510.498047
-,-,-
612.792969, -22.216797, -1083.740234
1196.289062, -768.310547, -319.091797
751.464844, -834.716797, 96.679688
397.949219, -903.076172, 102.050781
-,-,-
1349.609375, -347.412109, -1318.115234
702.148438, -717.529297, -125.244141
533.203125, -870.849609, 739.257812
187.500000, -799.560547, 178.222656
643.066406, -485.107422, -78.369141
919.433594, -498.779297, -754.150391
-,-,-
808.105469, 20.507812, -792.724609
965.820312, -490.478516, -340.087891
749.023438, -669.677734, -70.068359
766.601562, -713.623047, -300.537109
-,-,-
958.007812, -662.841797, -915.771484
850.097656, -126.220703, -552.490234
781.250000, -312.255859, -439.697266
-,-,-
549.316406, 203.613281, -1164.306641
1195.312500, -4.638672, -265.380859
762.695312, -229.248047, -155.517578
997.070312, -593.505859, -385.498047
796.875000, -387.451172, -593.994141
-,-,-
558.105469, 306.640625, -863.525391
1091.308594, -165.771484, -289.794922
607.910156, -108.154297, -136.474609
1038.085938, -983.154297, -412.841797
-,-,-
722.656250, -395.263672, -354.248047
651.855469, -583.740234, 171.875000
642.089844, -801.513672, 171.875000
753.417969, -430.419922, -338.134766
1083.007812, -224.365234, -1003.662109
-,-,-
439.453125, -619.384766, 325.195312
680.664062, -697.021484, 91.796875
805.664062, -629.638672, -459.716797
1024.902344, -529.052734, -1194.580078
-,-,-
1001.464844, -724.853516, -39.794922
759.765625, -97.412109, -433.349609
996.093750, -484.130859, -377.685547
964.843750, -480.224609, -593.505859
-,-,-
699.707031, -1558.349609, 215.820312
633.789062, -1219.970703, -128.173828
575.195312, -1115.966797, -449.951172
-,-,-
1070.312500, 208.496094, -1415.283203
899.414062, -692.626953, -178.955078
-,-,-
960.937500, -514.404297, -377.685547
701.171875, -839.599609, -37.841797
591.796875, -1067.138672, 251.953125
596.191406, -841.552734, 41.015625
-,-,-
400.390625, -524.169922, 397.460938
663.085938, -775.146484, 42.968750
859.863281, -642.333984, -183.837891
790.039062, -342.529297, -735.595703
1121.093750, -31.982422, -1170.166016
1104.003906, -225.341797, -902.099609
779.785156, -556.396484, -313.720703
-,-,-
1011.230469, 135.742188, -1392.333984
1034.667969, -408.447266, -882.080078
862.304688, -607.177734, -112.060547
509.765625, -1157.958984, 296.875000
-,-,-
831.542969, 333.984375, -1196.533203
1029.785156, -315.185547, -1072.998047
738.769531, -577.880859, -322.021484
599.121094, -838.623047, -9.521484
504.882812, -1014.404297, 100.585938
-,-,-
818.359375, -227.783203, -1075.927734
916.015625, -557.373047, -342.041016
721.191406, -722.412109, -48.583984
602.050781, -941.162109, -11.474609
-,-,-
829.589844, -590.576172, -586.669922
615.234375, -764.892578, 93.750000
530.761719, -1253.662109, 312.011719
680.664062, -763.427734, 57.617188
697.265625, -110.107422, -377.685547
-,-,-
649.414062, -568.603516, -361.572266
710.937500, -413.330078, -231.201172
979.003906, -552.490234, -408.935547
910.156250, -453.857422, -703.369141
779.296875, -531.982422, -784.423828
-,-,-
806.640625, -31.982422, -754.150391
951.171875, -238.037109, 22.949219
802.734375, -651.611328, 235.839844
895.507812, -404.541016, -36.865234
818.847656, -13.427734, -200.927734
-,-,-
979.980469, -217.529297, -301.513672
884.277344, -310.302734, -618.896484
754.394531, -122.314453, -433.349609
719.726562, 317.871094, -572.509766
583.984375, 389.648438, -865.966797
888.183594, 161.621094, -988.525391
-,-,-
931.640625, 291.015625, -781.494141
863.769531, -36.865234, -557.373047
883.300781, 238.281250, -826.904297
-,-,-
788.574219, -380.615234, -389.892578
1087.890625, -507.568359, -280.029297
779.785156, -340.576172, -576.904297
761.230469, -43.212891, -475.341797
767.578125, 166.992188, -563.232422
785.156250, 340.820312, -676.025391
-,-,-
984.375000, -262.451172, -149.169922
835.449219, -316.162109, -53.466797
892.578125, -445.556641, -300.537109
882.324219, -440.185547, -315.185547
742.187500, -292.724609, -537.841797
-,-,-
906.738281, 256.835938, -859.619141
812.500000, 18.554688, -116.943359
771.484375, -270.263672, -152.587891
878.906250, -826.904297, -171.630859
-,-,-
462.890625, 296.875000, -980.224609
991.699219, 330.078125, -274.169922
616.210938, 315.429688, -565.185547
841.796875, 141.601562, -404.052734
-,-,-
459.960938, 935.546875, -811.279297
760.253906, 1.464844, -478.271484
1094.726562, -774.658203, -399.169922
914.550781, -1246.826172, -266.845703
-,-,-
463.867188, 544.921875, -1034.912109
1172.363281, 371.093750, -70.068359
728.515625, 256.835938, -254.150391
779.785156, 122.558594, -478.271484
537.109375, -78.857422, -679.443359
-,-,-
734.375000, -412.353516, -881.103516
663.085938, 54.687500, -518.798828
441.406250, 470.703125, -402.099609
604.492188, 621.093750, -603.759766
826.660156, 455.078125, -818.115234
481.445312, 791.992188, -544.189453
725.097656, 458.007812, -547.119141
824.218750, 72.265625, -384.521484
834.472656, -81.298828, -458.740234
-,-,-
751.464844, -589.599609, -669.677734
756.835938, -213.623047, -461.669922
685.058594, 5.859375, -561.279297
-,-,-
1084.472656, -463.623047, -623.291016
851.074219, -357.177734, -593.017578
717.773438, -125.244141, -468.017578
572.753906, 190.429688, -526.123047
442.382812, 388.671875, -514.404297
-,-,-
848.632812, 731.933594, -677.001953
968.261719, 666.992188, -426.513672
818.847656, 461.914062, -592.529297
778.808594, 82.031250, -465.576172
-,-,-
1037.109375, -868.896484, -914.306641
1098.632812, -1137.451172, -870.849609
892.089844, -967.529297, -722.412109
-,-,-
528.320312, 466.796875, -670.654297
1141.601562, 277.343750, -310.791016
878.906250, 174.804688, -386.962891
802.734375, 301.757812, -488.037109
524.902344, 814.941406, -682.373047
-,-,-
734.375000, 552.734375, -693.115234
877.929688, 113.281250, -656.005859
760.742188, -221.435547, -486.083984
707.519531, -421.630859, -535.888672
707.031250, -907.958984, -582.763672
-,-,-
778.808594, -383.544922, -751.220703
779.785156, -388.427734, -579.833984
651.855469, -7.568359, -652.587891
666.992188, 208.984375, -605.224609
761.230469, 141.601562, -451.904297
753.906250, 353.515625, -389.892578
826.660156, 689.941406, -642.333984
-,-,-
952.636719, -475.341797, -333.740234
806.640625, -594.482422, -424.560547
703.125000, -916.748047, -680.419922
-,-,-
713.378906, 296.875000, -825.927734
1065.917969, 43.945312, -468.017578
787.597656, -34.912109, -542.236328
821.777344, 27.343750, -509.521484
748.046875, -22.216797, -391.845703
743.652344, 236.328125, -507.568359
872.558594, 455.078125, -643.310547
799.804688, 617.187500, -700.439453
-,-,-
591.796875, -533.447266, -593.017578
804.687500, -127.685547, -562.255859
732.421875, 76.171875, -562.255859
885.742188, 128.906250, -752.197266
-,-,-
758.789062, 434.570312, -504.638672
970.214844, 333.007812, -332.275391
742.675781, 218.750000, -552.490234
778.808594, -116.943359, -610.107422
636.230469, -472.412109, -633.544922
726.562500, -846.435547, -708.740234
834.960938, -1013.427734, -696.044922
-,-,-
821.289062, 543.945312, -470.947266
913.574219, 404.296875, -96.435547
792.968750, 226.562500, -333.740234
771.484375, 37.109375, -362.548828
-,-,-
746.582031, -522.216797, -1010.986328
992.675781, -758.544922, -1002.685547
778.808594, -955.810547, -987.548828
662.109375, -720.458984, -738.037109
617.187500, -339.599609, -576.904297
-,-,-
764.648438, 524.414062, -438.720703
904.296875, 399.414062, -305.419922
892.578125, 178.710938, -448.974609
674.804688, 160.156250, -433.349609
739.257812, 28.320312, -479.248047
724.609375, 28.320312, -574.951172
694.335938, -350.341797, -717.529297
-,-,-
885.742188, -451.416016, -637.451172
756.835938, -277.099609, -526.123047
666.015625, -79.345703, -527.099609
784.179688, 29.296875, -433.349609
807.128906, 168.945312, -413.330078
-,-,-
899.414062, 424.804688, -464.111328
1017.089844, 131.835938, -308.349609
751.953125, -47.607422, -495.849609
746.582031, -446.044922, -572.509766
-,-,-
956.054688, -416.748047, -744.873047
874.511719, -453.857422, -507.568359
824.218750, -381.591797, -551.513672
-,-,-
912.597656, -173.583984, -833.740234
834.472656, -31.982422, -511.474609
1010.742188, -895.751953, -336.181641
927.734375, -965.576172, -253.662109
625.000000, -779.052734, -298.583984
-,-,-
660.644531, 337.890625, -434.326172
918.945312, 166.503906, -187.255859
912.597656, 53.710938, -466.064453
822.265625, 98.632812, -365.966797
718.750000, 143.554688, -348.388672
-,-,-
745.605469, 371.093750, -537.841797
593.750000, 480.468750, -489.990234
527.343750, 561.523438, -447.021484
411.132812, 760.742188, -500.732422
-,-,-
423.828125, 731.933594, -441.650391
478.027344, 560.546875, -389.892578
386.230469, 648.437500, -586.669922
817.382812, 36.621094, -873.291016
958.007812, 91.796875, -754.150391
-,-,-
623.046875, 336.914062, -814.208984
795.898438, 542.968750, -622.802734
761.230469, 340.820312, -792.724609
794.433594, 210.937500, -744.873047
-,-,-
515.136719, 618.164062, -490.478516
715.332031, 782.226562, -195.068359
710.937500, 782.226562, -436.279297
477.050781, 881.835938, -393.798828
469.238281, 832.031250, -342.041016
-,-,-
489.746094, 236.328125, -565.185547
830.566406, 46.875000, -741.943359
788.085938, -316.162109, -948.974609
954.589844, -593.505859, -1099.365234
956.054688, -905.029297, -1040.283203
-,-,-
338.867188, 447.753906, -711.669922
727.539062, 743.652344, -569.091797
1145.019531, 130.859375, -460.693359
842.285156, 203.613281, -406.005859
758.789062, 602.539062, -361.572266
586.914062, 791.992188, -257.080078
-,-,-
584.960938, -709.716797, -1164.306641
923.828125, -1151.123047, -1202.880859
840.820312, -1213.134766, -1002.685547
558.105469, -393.798828, -676.025391
-,-,-
861.328125, 327.148438, -696.044922
1186.035156, 767.578125, -243.896484
822.753906, 554.687500, -200.927734
690.917969, 680.664062, -309.326172
-,-,-
606.933594, -433.349609, -644.287109
809.082031, -999.755859, -822.998047
745.117188, -1349.365234, -838.623047
800.781250, -1259.521484, -777.099609
-,-,-
123.046875, 518.554688, -967.041016
860.351562, 437.500000, -179.443359
535.644531, 679.687500, -451.904297
786.621094, 491.210938, -526.123047
773.925781, 374.023438, -417.236328
-,-,-
1249.023438, -395.751953, -710.693359
1327.148438, -310.302734, -349.365234
710.449219, 233.398438, -525.146484
-,-,-
603.515625, -336.669922, -885.498047
920.410156, 116.699219, -760.498047
998.046875, -455.810547, -848.388672
1010.253906, -416.748047, -844.482422
759.765625, -424.560547, -742.919922
-,-,-
652.343750, 225.585938, -851.318359
1115.722656, -439.208984, -517.822266
604.980469, 324.707031, -522.705078
789.550781, 224.609375, -154.541016
960.937500, 18.554688, -8.544922
1174.804688, 111.328125, -449.951172
-,-,-
583.007812, 243.652344, -478.271484
587.402344, 203.613281, -418.212891
716.308594, -210.693359, -694.091797
-,-,-
1131.347656, -837.646484, -1032.958984
1022.460938, -641.357422, -796.630859
644.042969, -824.951172, -594.970703
535.644531, -464.599609, -562.255859
518.554688, 107.421875, -418.701172
-,-,-
785.644531, 865.234375, -407.958984
660.644531, 867.187500, -155.517578
701.660156, 570.800781, -426.513672
-,-,-
960.449219, -624.755859, -974.365234
820.800781, -226.318359, -666.748047
841.308594, -293.701172, -903.076172
918.945312, -433.349609, -582.763672
757.812500, -379.638672, -374.755859
721.191406, -209.716797, -332.763672
633.300781, 287.597656, -378.662109
741.699219, 492.675781, -216.552734
-,-,-
798.339844, 263.671875, -581.787109
934.570312, 52.734375, -360.107422
588.867188, -220.458984, -531.982422
723.144531, -469.482422, -775.146484
-,-,-
848.144531, -726.806641, -943.603516
886.230469, -404.052734, -682.373047
635.253906, -199.462891, -629.638672
722.167969, 15.625000, -588.623047
-,-,-
793.457031, 696.777344, -264.892578
821.289062, 504.882812, -207.275391
719.726562, 310.546875, -537.841797
766.601562, 21.484375, -681.396484
-,-,-
896.972656, -665.771484, -977.294922
837.890625, -437.255859, -648.681641
491.699219, -226.318359, -567.138672
733.398438, 164.062500, -667.724609
-,-,-
798.828125, 680.664062, -427.490234
875.976562, 675.781250, -238.525391
857.910156, 264.648438, -459.716797
734.375000, 205.078125, -661.865234
788.574219, -208.740234, -677.001953
-,-,-
338.378906, 1.953125, -839.111328
1112.304688, -414.794922, -831.298828
790.039062, -359.130859, -864.013672
800.781250, -243.408203, -691.162109
-,-,-
635.253906, -173.583984, -694.091797
718.750000, 54.687500, -667.724609
614.257812, 365.234375, -765.380859
707.031250, 392.578125, -626.220703
568.359375, 389.648438, -610.107422
-,-,-
381.347656, 1189.453125, -682.373047
259.765625, 461.425781, -446.533203
1374.511719, -1114.990234, -52.001953
1153.320312, -590.576172, -330.810547
893.066406, -132.568359, -533.935547
-,-,-
629.394531, 58.593750, -1285.888672
1381.347656, 130.859375, -568.603516
603.027344, 202.636719, -608.154297
789.062500, 474.609375, -475.341797
670.898438, 531.250000, -462.646484
-,-,-
787.597656, -45.166016, -585.693359
960.937500, -441.650391, -496.826172
920.898438, -1069.091797, -619.873047
-,-,-
863.769531, 547.851562, -458.740234
931.640625, 231.445312, -302.490234
810.058594, 75.195312, -313.232422
735.351562, -114.013672, -398.193359
-,-,-
689.453125, 622.070312, -567.138672
872.558594, 626.953125, -435.302734
770.996094, 577.148438, -350.341797
751.464844, 675.781250, -439.208984
689.941406, 490.234375, -505.615234
664.062500, 84.472656, -752.197266
437.011719, -411.865234, -867.431641
1047.363281, -966.552734, -625.244141
951.171875, -1025.146484, -495.361328
768.554688, -1009.521484, -462.646484
749.023438, -402.099609, -553.466797
-,-,-
1084.472656, 125.488281, -622.314453
996.093750, 25.390625, -291.748047
702.148438, 203.613281, -454.833984
731.933594, 581.054688, -463.623047
-,-,-
695.312500, -395.263672, -855.224609
1239.257812, -215.576172, -164.794922
687.500000, -487.060547, -621.337891
-,-,-
744.628906, 255.371094, -656.005859
948.242188, 418.945312, -481.201172
701.660156, 603.515625, -542.724609
771.484375, 352.539062, -673.095703
-,-,-
931.152344, -986.083984, -520.751953
1076.660156, -1204.833984, -286.376953
841.308594, -1168.701172, -311.767578
-,-,-
506.835938, 766.601562, -464.599609
766.601562, 791.015625, -194.091797
926.757812, 415.039062, -420.654297
801.757812, 326.660156, -488.525391
769.531250, -65.185547, -623.291016
-,-,-
854.980469, -155.029297, -623.291016
1018.066406, -12.451172, -547.119141
879.882812, 124.511719, -692.138672
791.015625, 117.187500, -641.357422
-,-,-
865.234375, 276.367188, -403.076172
740.234375, 177.734375, -411.865234
781.250000, 180.664062, -657.958984
889.648438, 20.507812, -605.224609
-,-,-
1172.363281, -48.583984, -312.744141
1052.734375, -34.912109, 28.320312
1012.695312, -260.498047, -72.021484
1368.164062, -823.974609, -198.974609
-,-,-
508.300781, 625.000000, -1127.685547
254.394531, 870.117188, -945.068359
649.902344, 365.234375, -739.013672
852.539062, -97.412109, -331.787109
1273.925781, -576.904297, 42.968750
-,-,-
697.265625, -61.279297, -682.373047
302.246094, 547.851562, -875.732422
114.257812, 1019.531250, -1141.845703
142.089844, 940.429688, -1079.833984
386.230469, 439.941406, -1023.193359
-,-,-
890.136719, -542.724609, -419.677734
1244.140625, -609.619141, -77.392578
1025.390625, -686.279297, -137.939453
1037.109375, -524.658203, -343.017578
-,-,-
291.992188, 1013.671875, -921.630859
700.195312, 501.953125, -694.580078
770.996094, 13.671875, -478.271484
1098.144531, -723.388672, -253.662109
-,-,-
286.621094, 788.085938, -881.103516
401.367188, 1165.039062, -1049.560547
496.093750, 961.914062, -866.943359
608.886719, 531.738281, -695.068359
-,-,-
1229.492188, -345.458984, -278.076172
1076.660156, -752.685547, 45.898438
972.167969, -703.857422, -340.087891
-,-,-
532.714844, 562.500000, -901.123047
508.300781, 779.296875, -857.666016
349.121094, 833.984375, -920.654297
491.699219, 405.761719, -581.787109
-,-,-
1402.343750, -463.623047, -204.345703
1244.140625, -811.767578, -96.435547
1096.679688, -792.724609, -217.529297
-,-,-
289.062500, 669.921875, -903.076172
392.578125, 715.820312, -1075.927734
423.828125, 385.742188, -843.505859
591.308594, -53.466797, -704.833984
750.976562, -423.583984, -409.912109
-,-,-
799.804688, -409.912109, -733.642578
1326.660156, -698.974609, -109.130859
983.886719, -927.490234, -111.083984
969.726562, -773.681641, -224.365234
-,-,-
770.019531, -16.357422, -623.291016
717.773438, 233.398438, -705.810547
486.328125, 428.710938, -594.482422
447.753906, 374.511719, -720.947266
346.679688, 602.539062, -977.294922
-,-,-
439.453125, 375.976562, -935.791016
770.996094, 314.453125, -798.583984
781.738281, -19.287109, -586.669922
988.281250, -367.919922, -410.888672
-,-,-
733.886719, 139.648438, -468.994141
731.933594, 68.359375, -629.638672
674.316406, 154.296875, -894.287109
534.179688, 139.648438, -718.505859
-,-,-
893.554688, -39.306641, -538.818359
1044.921875, -404.541016, -460.693359
1176.269531, -987.060547, -355.224609
1014.648438, -732.666016, -453.857422
815.429688, -383.544922, -642.333984
566.406250, -146.240234, -723.876953
-,-,-
107.421875, 1088.867188, -1213.134766
802.734375, 645.507812, -526.123047
755.371094, 150.390625, -507.568359
879.882812, -289.794922, -439.208984
-,-,-
464.843750, 555.664062, -846.435547
782.226562, 514.648438, -677.978516
646.484375, 471.679688, -697.021484
750.488281, 242.675781, -822.998047
710.937500, 22.460938, -650.634766
-,-,-
717.285156, -670.654297, -1004.638672
742.675781, -124.267578, -905.029297
643.554688, -306.396484, -993.896484
794.433594, -373.779297, -812.255859
615.234375, -56.396484, -592.529297
-,-,-
456.542969, 394.531250, -662.841797
950.195312, 816.406250, -188.232422
567.382812, 725.585938, -382.568359
656.250000, 895.019531, -491.943359
623.046875, 625.976562, -627.197266
-,-,-
612.792969, 178.710938, -760.009766
629.882812, 56.640625, -691.162109
571.777344, -93.505859, -950.927734
591.796875, -235.107422, -934.814453
-,-,-
760.742188, 426.757812, -516.357422
630.371094, 423.828125, -517.822266
594.238281, 510.742188, -683.349609
590.820312, 543.945312, -552.490234
-,-,-
442.382812, 812.011719, -789.306641
762.207031, 361.816406, -627.685547
601.074219, 356.445312, -730.712891
660.644531, 150.390625, -839.599609
-,-,-
767.578125, -211.181641, -822.021484
636.230469, 157.226562, -419.677734
479.492188, 249.023438, -692.138672
561.035156, 295.898438, -614.990234
-,-,-
1010.253906, 655.273438, -374.755859
835.449219, 433.593750, -719.482422
758.789062, 108.398438, -717.529297
443.847656, 144.531250, -1029.052734
723.144531, -171.630859, -1140.869141
726.074219, -4.638672, -888.427734
637.695312, -34.912109, -681.396484
530.761719, -65.185547, -661.865234
-,-,-
913.574219, 625.976562, -451.904297
747.558594, 724.609375, -416.259766
-,-,-
606.445312, 608.886719, -728.759766
556.152344, 688.476562, -768.310547
506.347656, 553.710938, -782.470703
-,-,-
988.281250, -353.271484, -301.513672
641.113281, -282.470703, -476.318359
376.953125, 206.054688, -785.888672
339.355469, 573.242188, -804.931641
407.714844, 609.863281, -848.388672
-,-,-
948.242188, -444.580078, -618.896484
919.433594, -308.349609, -563.232422
597.167969, 203.613281, -740.966797
415.039062, 376.953125, -734.130859
-,-,-
322.265625, 692.871094, -948.974609
1063.476562, -271.240234, -332.763672
1007.812500, -662.841797, -252.685547
946.777344, -639.404297, -332.763672
-,-,-
1027.832031, -232.177734, -576.904297
1166.992188, -572.998047, -319.091797
1058.105469, -732.177734, -353.271484
894.531250, -287.353516, -523.681641
698.730469, -41.259766, -697.021484
-,-,-
404.296875, 386.718750, -1003.662109
744.628906, 312.500000, -440.673828
663.085938, -31.982422, -801.513672
562.011719, -227.294922, -753.173828
-,-,-
970.214844, -18.310547, -518.798828
801.757812, 71.289062, -587.646484
730.957031, 86.914062, -663.818359
750.000000, 190.429688, -687.255859
-,-,-
875.976562, 234.375000, -582.763672
916.503906, 405.761719, -330.810547
791.015625, 662.109375, -319.091797
618.164062, 852.050781, -579.833984
-,-,-
654.296875, 604.492188, -693.115234
486.328125, 441.894531, -616.943359
483.886719, 73.730469, -873.779297
601.074219, -292.724609, -763.427734
-,-,-
943.847656, -408.447266, -659.423828
705.078125, 41.015625, -370.849609
581.054688, 208.984375, -746.826172
380.371094, 482.421875, -867.919922
330.566406, 440.429688, -970.458984
-,-,-
697.265625, 411.132812, -448.974609
803.222656, 484.375000, -378.662109
660.644531, 574.218750, -610.107422
744.628906, 649.414062, -634.521484
706.542969, 604.492188, -620.849609
-,-,-
115.234375, 341.796875, -821.044922
579.589844, 237.304688, -906.982422
211.425781, 400.390625, -1024.169922
406.738281, 286.621094, -956.298828
560.546875, 72.265625, -691.162109
757.324219, -147.216797, -413.330078
-,-,-
333.496094, 503.906250, -851.318359
572.753906, 422.851562, -509.521484
850.097656, 281.250000, -457.763672
965.820312, 150.390625, -409.912109
1044.921875, -26.123047, -400.146484
-,-,-
930.175781, -323.974609, -755.126953
973.632812, -175.537109, -506.591797
697.753906, -373.779297, -749.755859
762.207031, -485.595703, -915.771484
-,-,-
575.683594, 107.421875, -628.662109
642.089844, 563.476562, -685.302734
798.339844, 216.796875, -873.779297
520.507812, 138.671875, -665.283203
485.351562, 49.804688, -521.728516
-,-,-
1229.492188, -895.751953, -145.263672
1401.367188, -1391.357422, -106.201172
971.191406, -644.287109, -394.287109
649.902344, 111.816406, -614.013672
214.355469, 771.972656, -803.955078
-,-,-
647.949219, 115.234375, -725.830078
342.285156, 750.976562, -739.990234
509.277344, 678.710938, -891.357422
581.542969, 671.875000, -955.810547
595.703125, 319.335938, -778.564453
-,-,-
955.566406, 10.742188, -460.693359
1299.804688, -238.037109, -243.896484
1179.687500, -270.263672, -478.271484
-,-,-
619.628906, 218.750000, -556.396484
434.570312, -3.662109, -787.353516
607.421875, -413.330078, -1085.693359
690.917969, -911.865234, -769.287109
-,-,-
922.363281, 487.304688, -647.705078
1047.851562, 497.070312, -531.005859
876.953125, 918.945312, -470.458984
856.445312, 837.890625, -328.857422
774.902344, 600.585938, -479.248047
-,-,-
617.675781, -301.513672, -1077.880859
612.792969, -410.888672, -748.779297
485.351562, -639.404297, -875.732422
523.925781, -404.052734, -801.513672
-,-,-
427.734375, 745.117188, -667.724609
424.804688, 846.679688, -699.462891
200.683594, 701.171875, -685.302734
35.156250, 812.011719, -817.138672
133.300781, 488.769531, -886.962891
537.109375, -222.412109, -654.052734
-,-,-
1337.890625, -1140.869141, -361.572266
1449.218750, -938.232422, -253.173828
839.355469, -646.728516, -562.255859
526.367188, -113.037109, -629.638672
-,-,-
641.113281, -673.583984, -1169.189453
835.449219, -87.646484, -881.103516
545.410156, -327.880859, -989.501953
629.394531, -187.255859, -821.044922
570.312500, -152.099609, -760.498047
-,-,-
641.113281, 154.296875, -506.591797
909.179688, 326.171875, -251.708984
787.109375, 284.179688, -490.966797
827.148438, 518.554688, -582.763672
743.164062, 685.058594, -556.396484
-,-,-
895.507812, 333.984375, -557.373047
791.015625, 345.703125, -412.841797
738.281250, 126.953125, -661.865234
735.351562, -46.630859, -694.091797
-,-,-
800.292969, -578.857422, -1097.412109
861.328125, -294.677734, -524.169922
650.878906, -172.607422, -611.083984
651.855469, -84.716797, -612.548828
526.855469, 299.804688, -676.513672
-,-,-
521.484375, 494.140625, -769.287109
890.625000, 290.527344, -371.826172
813.476562, 298.828125, -391.845703
931.640625, 325.683594, -613.037109
999.023438, 352.539062, -569.580078
-,-,-
579.589844, 122.558594, -914.794922
463.867188, 130.371094, -973.388672
636.230469, -85.693359, -849.365234
670.898438, -431.396484, -1028.076172
511.718750, -665.771484, -760.498047
522.460938, -670.654297, -699.951172
-,-,-
1038.574219, 480.468750, -630.615234
954.589844, 913.085938, -566.162109
959.960938, 696.289062, -417.724609
888.671875, 708.984375, -544.189453
881.835938, 486.328125, -631.591797
-,-,-
834.960938, -188.232422, -437.744141
864.746094, -340.576172, -519.775391
753.417969, -449.462891, -763.427734
-,-,-
781.250000, 81.542969, -717.529297
905.761719, 738.281250, -686.279297
904.785156, 617.187500, -577.880859
875.976562, 771.484375, -473.388672
816.894531, 676.757812, -514.404297
-,-,-
47.363281, 780.273438, -732.177734
444.824219, 212.890625, -856.689453
562.500000, 26.367188, -1003.662109
709.960938, -570.556641, -704.345703
-,-,-
137.695312, 776.367188, -1117.431641
442.871094, 647.949219, -1164.306641
484.863281, 195.312500, -817.138672
565.917969, -10.498047, -575.927734
555.664062, 9.765625, -566.650391
-,-,-
558.105469, 830.078125, -982.666016
814.453125, 597.656250, -603.271484
871.093750, 287.597656, -702.392578
939.941406, 83.984375, -642.333984
904.785156, -124.755859, -508.544922
-,-,-
836.914062, -109.130859, -340.087891
825.683594, -428.466797, -268.310547
856.933594, -396.240234, -467.041016
929.199219, -535.888672, -404.052734
-,-,-
577.636719, 884.765625, -715.576172
805.175781, 842.773438, -776.123047
568.359375, 1062.500000, -614.990234
448.242188, 704.101562, -628.662109
-,-,-
1265.136719, -898.193359, -577.880859
925.781250, -540.771484, -588.623047
715.332031, -199.462891, -636.474609
441.406250, 470.703125, -500.732422
-,-,-
503.906250, 1157.226562, -691.650391
686.035156, 917.968750, -426.513672
415.039062, 796.875000, -733.154297
737.792969, -126.708984, -648.681641
-,-,-
1163.574219, -641.357422, -548.095703
531.738281, 52.734375, -555.419922
263.671875, 584.960938, -443.603516
57.617188, 1114.257812, -611.083984
-,-,-
878.906250, 405.761719, -457.763672
970.703125, 179.687500, -356.201172
773.437500, -307.373047, -608.154297
-,-,-
805.664062, -754.638672, -560.302734
1295.410156, -984.130859, -627.685547
908.203125, -353.271484, -672.607422
581.542969, 369.140625, -547.119141
637.207031, 494.140625, -533.935547
715.332031, 783.203125, -627.197266
-,-,-
750.000000, 231.445312, -346.923828
891.113281, -227.294922, -527.099609
1142.578125, -645.263672, -800.537109
-,-,-
714.355469, 816.406250, -563.232422
558.593750, 862.304688, -470.458984
475.097656, 487.792969, -379.638672
-,-,-
1248.535156, -615.478516, -448.974609
679.687500, -191.162109, -528.076172
583.984375, 167.480469, -656.005859
539.550781, 701.171875, -386.962891
449.218750, 1050.781250, -486.083984
416.015625, 1033.203125, -623.291016
-,-,-
886.718750, -64.208984, -607.177734
1114.746094, -571.533203, -625.244141
1187.500000, -957.763672, -739.013672
1022.949219, -891.357422, -515.380859
-,-,-
762.207031, 1086.914062, -380.615234
515.625000, 1191.406250, -225.341797
479.492188, 1147.460938, -347.412109
762.207031, 238.281250, -446.044922
-,-,-
364.746094, 669.921875, -421.630859
826.660156, 769.531250, -256.591797
597.656250, 1054.687500, -388.916016
562.500000, 1136.718750, -409.912109
531.250000, 851.562500, -468.017578
-,-,-
1003.906250, -530.517578, -972.412109
1062.500000, -638.427734, -686.279297
922.363281, -466.552734, -567.138672
770.507812, -141.357422, -390.869141
692.871094, 60.546875, -345.458984
681.640625, 393.554688, -481.201172
-,-,-
761.230469, 829.101562, -445.556641
621.582031, 833.007812, -172.607422
560.546875, 670.898438, -233.154297
585.937500, 388.671875, -314.697266
-,-,-
750.000000, 98.632812, -573.486328
953.613281, 261.718750, -398.193359
729.980469, 158.203125, -631.591797
734.375000, 21.484375, -700.439453
680.664062, -227.294922, -749.755859
834.472656, -492.919922, -882.080078
-,-,-
1018.554688, -407.470703, -865.966797
1000.488281, 129.882812, -477.294922
678.710938, 167.968750, -721.435547
600.585938, 84.960938, -712.646484
487.304688, -48.095703, -717.529297
-,-,-
687.011719, 128.417969, -948.974609
637.695312, 456.054688, -613.037109
709.960938, 283.203125, -666.748047
893.066406, -42.236328, -495.361328
-,-,-
434.082031, 1078.125000, -510.498047
800.781250, 367.675781, -557.373047
1022.460938, -280.029297, -425.537109
1288.085938, -760.498047, -430.419922
1108.398438, -834.716797, -355.224609
932.617188, -615.966797, -390.869141
-,-,-
436.035156, 450.195312, -763.427734
466.796875, 705.078125, -779.052734
553.710938, 604.492188, -898.193359
601.562500, 325.683594, -632.568359
-,-,-
681.640625, 391.601562, -414.306641
798.828125, -18.310547, -337.158203
1092.773438, -501.708984, -350.341797
1334.472656, -778.076172, -114.990234
1145.996094, -714.599609, -121.826172
-,-,-
519.042969, 596.679688, -1088.134766
563.964844, 720.703125, -743.896484
562.500000, 481.445312, -851.318359
786.621094, 242.675781, -670.654297
-,-,-
825.195312, 212.890625, -682.373047
513.671875, 548.828125, -733.154297
601.562500, 293.945312, -684.326172
629.394531, 240.234375, -888.916016
356.445312, 349.609375, -1063.720703
-,-,-
966.796875, -610.595703, -322.998047
1360.839844, -1287.841797, 88.867188
1226.074219, -1190.185547, -106.689453
906.738281, -685.791016, -266.357422
-,-,-
52.734375, 818.847656, -1576.904297
779.296875, 608.886719, -218.505859
906.250000, -288.330078, -177.490234
1162.597656, -937.744141, -182.861328
-,-,-
915.039062, -345.458984, -558.349609
723.144531, 313.964844, -501.708984
285.156250, 974.609375, -820.068359
321.289062, 1117.187500, -956.787109
465.820312, 557.617188, -770.263672
-,-,-
1246.582031, -540.771484, -362.060547
1018.066406, -471.435547, -303.466797
580.566406, 204.589844, -698.974609
347.656250, 989.257812, -920.654297
239.257812, 1059.570312, -983.154297
-,-,-
280.761719, 595.703125, -815.185547
521.484375, 1193.359375, -904.052734
521.972656, 865.234375, -863.037109
736.328125, 449.707031, -636.474609
889.160156, -178.466797, -430.419922
-,-,-
260.742188, 980.468750, -881.103516
497.558594, 811.523438, -832.275391
730.468750, 191.406250, -680.419922
976.562500, -455.810547, -517.822266
-,-,-
946.777344, -218.505859, -215.576172
842.285156, -588.623047, -215.576172
856.445312, -551.513672, -337.158203
810.058594, -152.099609, -511.474609
668.457031, 341.796875, -766.357422
-,-,-
785.156250, 216.796875, -573.974609
854.492188, 77.636719, -456.787109
775.390625, 86.914062, -586.669922
800.781250, 67.382812, -605.224609
771.972656, -23.193359, -576.904297
-,-,-
728.515625, -300.537109, -548.583984
998.046875, -417.724609, -7.568359
731.933594, -408.447266, -267.333984
1187.011719, -847.412109, -549.072266
1169.433594, -860.107422, -597.900391
-,-,-
183.105469, 1155.273438, -830.322266
583.984375, 553.710938, -570.556641
806.152344, 33.203125, -456.787109
1131.835938, -783.935547, -186.279297
-,-,-
795.410156, -330.810547, -619.384766
476.074219, 177.734375, -766.357422
464.355469, 399.414062, -650.634766
244.628906, 725.585938, -775.146484
-,-,-
887.207031, -49.560547, -488.037109
1167.968750, -882.568359, -260.986328
1263.183594, -1443.115234, -64.208984
1131.347656, -1390.869141, -194.091797
-,-,-
502.441406, 937.500000, -890.380859
490.722656, 914.062500, -878.662109
472.656250, 757.812500, -715.576172
557.128906, 450.683594, -642.333984
-,-,-
1433.593750, -1188.232422, 30.273438
1106.933594, -790.771484, -235.595703
818.847656, -244.384766, -512.451172
409.179688, 345.703125, -543.212891
-,-,-
733.398438, 530.273438, -670.654297
785.644531, 227.539062, -710.693359
926.757812, -86.669922, -593.505859
999.023438, -426.513672, -385.498047
-,-,-
801.269531, 384.765625, -983.154297
539.550781, 640.625000, -556.396484
786.621094, 295.898438, -668.701172
744.140625, 277.343750, -535.888672
718.750000, 115.234375, -479.248047
-,-,-
1183.105469, -688.232422, -57.373047
1209.960938, -1075.927734, -6.591797
1100.585938, -925.537109, -154.541016
928.222656, -733.154297, -154.541016
-,-,-
587.402344, 509.765625, -672.607422
671.875000, 428.710938, -818.115234
383.300781, 528.808594, -576.904297
576.660156, 389.648438, -713.623047
-,-,-
1145.996094, -594.482422, -282.470703
1294.921875, -902.099609, -172.607422
1178.710938, -898.681641, -277.099609
1066.406250, -664.794922, -358.154297
-,-,-
946.777344, -24.169922, -479.248047
894.531250, -22.216797, -493.408203
931.152344, -169.677734, -439.697266
925.292969, -366.943359, -311.767578
-,-,-
1101.562500, -534.912109, -109.130859
1123.046875, -563.232422, -424.560547
791.992188, -179.443359, -549.560547
687.500000, 14.648438, -512.451172
-,-,-
586.425781, 669.921875, -828.369141
721.679688, 384.765625, -791.748047
798.339844, 104.492188, -515.380859
998.046875, -354.248047, -392.822266
1318.847656, -1170.654297, -137.451172
1263.183594, -1308.349609, -67.138672
-,-,-
453.613281, 913.085938, -929.443359
423.828125, 1004.882812, -892.333984
416.992188, 750.976562, -562.255859
768.066406, 157.226562, -559.326172
-,-,-
936.523438, -276.123047, -203.857422
875.488281, -360.107422, -308.349609
712.890625, 14.648438, -506.591797
583.007812, 229.492188, -544.189453
500.488281, 481.445312, -765.380859
-,-,-
690.917969, 403.320312, -792.724609
437.500000, 911.132812, -683.349609
447.265625, 886.718750, -793.701172
622.558594, 428.710938, -525.146484
1010.253906, -390.380859, -496.337891
-,-,-
813.476562, -15.380859, -545.166016
460.449219, 626.953125, -643.798828
307.617188, 1025.390625, -880.126953
-,-,-
1145.019531, -671.630859, -158.935547
1206.542969, -931.396484, -144.287109
1077.148438, -989.013672, -394.287109
890.136719, -666.748047, -474.853516
-,-,-
726.074219, 317.382812, -325.927734
989.257812, -94.482422, -387.939453
933.593750, -226.318359, -354.248047
-,-,-
853.515625, -280.029297, -350.341797
996.093750, -417.724609, -406.982422
838.867188, -274.169922, -401.123047
865.234375, -150.146484, -336.181641
-,-,-
1035.644531, 671.875000, -674.072266
865.722656, 642.578125, -587.646484
805.175781, 386.718750, -634.521484
645.019531, 63.476562, -446.044922
958.984375, -497.802734, -348.388672
-,-,-
617.187500, 1031.250000, -538.330078
671.875000, 940.917969, -127.197266
660.644531, 645.996094, -459.716797
608.398438, 279.296875, -452.880859
-,-,-
1437.011719, -780.517578, -829.345703
1386.718750, -901.123047, -308.349609
965.820312, -670.654297, -532.958984
-,-,-
1311.035156, -1010.498047, -955.810547
1309.570312, -588.623047, -455.810547
1249.023438, -844.482422, -626.708984
955.078125, -538.818359, -435.302734
-,-,-
581.542969, 929.687500, -404.052734
666.992188, 820.312500, -328.857422
709.960938, 845.703125, -419.677734
640.625000, 818.359375, -501.708984
-,-,-
1250.976562, -880.615234, -686.279297
1247.558594, -857.177734, -474.365234
1091.308594, -738.037109, -452.880859
819.335938, -317.138672, -464.599609
744.140625, -78.857422, -661.865234
-,-,-
876.953125, 631.835938, -259.033203
977.050781, 357.421875, -447.021484
795.898438, 501.953125, -558.349609
597.656250, 583.007812, -370.849609
-,-,-
897.949219, -260.498047, -665.771484
1388.671875, -1035.888672, -716.552734
1272.949219, -1044.677734, -631.591797
937.988281, -613.525391, -548.583984
770.019531, -388.427734, -453.857422
576.171875, -146.240234, -476.318359
-,-,-
538.574219, 1084.960938, -483.154297
1103.027344, 753.906250, -422.607422
733.398438, 823.242188, -358.154297
670.410156, 751.953125, -496.337891
-,-,-
813.964844, -256.591797, -683.349609
1059.082031, -490.478516, -434.326172
1118.652344, -997.802734, -593.505859
1094.726562, -1071.044922, -409.912109
-,-,-
608.398438, 754.882812, -885.009766
890.136719, 783.203125, -32.958984
615.234375, 804.687500, -571.533203
594.726562, 892.578125, -498.779297
-,-,-
545.410156, 962.890625, -296.630859
968.261719, 400.390625, -470.458984
754.394531, 722.656250, -479.248047
709.960938, 445.312500, -520.751953
700.683594, 18.554688, -463.623047
-,-,-
1173.828125, -1197.998047, -538.330078
1189.453125, -905.029297, -0.244141
827.636719, -558.349609, -493.408203
556.152344, 177.734375, -637.451172
-,-,-
1059.082031, 573.730469, -34.423828
824.218750, 287.109375, -298.583984
834.472656, 41.503906, -729.248047
773.437500, -171.630859, -683.349609
